<img src="images/empty.gif" onload="doScrollTop(); this.parentNode.removeChild(this);" />

<div id="csAssignmentTitle" align="center">Times Table</div>

<div id="csContent"> 
<h1>Directions</h1>
  <p>Write a program that outputs a multiplication table from 1 x 1 to 10 x 10 like the
     sample output below. Use <strong>nested for loops</strong> in your implementation.</p>
<h1>Source File</h1>
<p>TimesTable.java</p>
<h1>Sample Run</h1>
<div id="csSampleRun">
<pre>
1  2  3  4  5  6  7  8  9  10  
2  4  6  8  10  12  14  16  18  20  
3  6  9  12  15  18  21  24  27  30  
4  8  12  16  20  24  28  32  36  40  
5  10  15  20  25  30  35  40  45  50  
6  12  18  24  30  36  42  48  54  60  
7  14  21  28  35  42  49  56  63  70  
8  16  24  32  40  48  56  64  72  80  
9  18  27  36  45  54  63  72  81  90  
10  20  30  40  50  60  70  80  90  100 
</pre>
</div>
	<br>
</div>
